y_array  = [0.00390625 0.03435906 0.06481186 0.09526467 0.12571747 0.15617028
 0.18662309 0.21707589 0.2475287  0.27798151 0.30843431 0.33888712
 0.36933992 0.39979273 0.43024554 0.46069834 0.49115115 0.52160395
 0.55205676 0.58250957 0.61296237 0.64341518 0.67386798 0.70432079
 0.7347736  0.7652264  0.79567921 0.82613202 0.85658482 0.88703763
 0.91749043 0.94794324 0.97839605 1.00884885 1.03930166 1.06975446
 1.10020727 1.13066008 1.16111288 1.19156569 1.22201849 1.2524713
 1.28292411 1.31337691 1.34382972 1.37428253 1.40473533 1.43518814
 1.46564094 1.49609375]
u400_data = [ 0.00103782  0.00823713  0.01403267  0.01854533  0.02186034  0.02403104
  0.02508046  0.02500164  0.02375758  0.02128017  0.01746539  0.01216331
  0.00518584 -0.00373099 -0.01494026 -0.02890224 -0.04618721 -0.06744072
 -0.09327855 -0.12407513 -0.1596374  -0.19874599 -0.23880103 -0.27585325
 -0.30516138 -0.32237301 -0.32490026 -0.31278854 -0.28856296 -0.25614867
 -0.21949394 -0.18160099 -0.14412991 -0.10762006 -0.07191857 -0.03657936
 -0.00114026  0.03472384  0.07113162  0.10796881  0.14487895  0.18127175
  0.21637779  0.24940801  0.2802255   0.31196669  0.35861165  0.4567866
  0.65866406  0.96004367]

x_array = [0.00390625 0.01392835 0.02395044 0.03397254 0.04399463 0.05401673
 0.06403883 0.07406092 0.08408302 0.09410511 0.10412721 0.11414931
 0.1241714  0.1341935  0.14421559 0.15423769 0.16425979 0.17428188
 0.18430398 0.19432607 0.20434817 0.21437027 0.22439236 0.23441446
 0.24443655 0.25445865 0.26448074 0.27450284 0.28452494 0.29454703
 0.30456913 0.31459122 0.32461332 0.33463542 0.34465751 0.35467961
 0.3647017  0.3747238  0.3847459  0.39476799 0.40479009 0.41481218
 0.42483428 0.43485638 0.44487847 0.45490057 0.46492266 0.47494476
 0.48496686 0.49498895 0.50501105 0.51503314 0.52505524 0.53507734
 0.54509943 0.55512153 0.56514362 0.57516572 0.58518782 0.59520991
 0.60523201 0.6152541  0.6252762  0.6352983  0.64532039 0.65534249
 0.66536458 0.67538668 0.68540878 0.69543087 0.70545297 0.71547506
 0.72549716 0.73551926 0.74554135 0.75556345 0.76558554 0.77560764
 0.78562973 0.79565183 0.80567393 0.81569602 0.82571812 0.83574021
 0.84576231 0.85578441 0.8658065  0.8758286  0.88585069 0.89587279
 0.90589489 0.91591698 0.92593908 0.93596117 0.94598327 0.95600537
 0.96602746 0.97604956 0.98607165 0.99609375]

v400_data = [-2.14629802e-03 -6.99772733e-03 -1.11350352e-02 -1.46093469e-02
 -1.74223658e-02 -1.96239868e-02 -2.13172344e-02 -2.25452837e-02
 -2.32856722e-02 -2.36494868e-02 -2.36805272e-02 -2.33976217e-02
 -2.28337551e-02 -2.20540092e-02 -2.10905062e-02 -1.99546438e-02
 -1.86990081e-02 -1.73539202e-02 -1.59418055e-02 -1.44872307e-02
 -1.30176758e-02 -1.15515846e-02 -1.01105719e-02 -8.70932420e-03
 -7.35929234e-03 -6.07439564e-03 -4.87161978e-03 -3.74919237e-03
 -2.71269891e-03 -1.77847250e-03 -9.42840493e-04 -2.02617151e-04
  4.38626171e-04  9.70513082e-04  1.40891821e-03  1.75625425e-03
  2.00590003e-03  2.16708446e-03  2.25004986e-03  2.25865247e-03
  2.19010084e-03  2.06216293e-03  1.88144352e-03  1.65093630e-03
  1.38063478e-03  1.08149513e-03  7.61128364e-04  4.26540736e-04
  8.88834829e-05 -2.43987500e-04 -5.62409566e-04 -8.57018389e-04
 -1.12173980e-03 -1.34947773e-03 -1.52473336e-03 -1.64776976e-03
 -1.71315697e-03 -1.71045700e-03 -1.63246214e-03 -1.48208725e-03
 -1.25633966e-03 -9.40209192e-04 -5.43265434e-04 -6.66859219e-05
  4.94026874e-04  1.14103525e-03  1.86260029e-03  2.65528463e-03
  3.52392792e-03  4.45458211e-03  5.43884301e-03  6.47160658e-03
  7.54630339e-03  8.64837626e-03  9.76836568e-03  1.08957546e-02
  1.20171746e-02  1.31209662e-02  1.41935798e-02  1.52158588e-02
  1.61795868e-02  1.70715347e-02  1.78659008e-02  1.85516366e-02
  1.91196222e-02  1.95515427e-02  1.98109038e-02  1.99038902e-02
  1.98154426e-02  1.95070935e-02  1.89681837e-02  1.81978120e-02
  1.71776801e-02  1.58501357e-02  1.42432952e-02  1.23439141e-02
  1.01090037e-02  7.52922680e-03  4.62135768e-03  1.37830825e-03]


u1000_data = [1.24464443e-03,1.01756951e-02,1.77537250e-02,2.38867600e-02
,2.84910315e-02,3.15091188e-02,3.29063557e-02,3.26690456e-02
,3.08136651e-02,2.74002844e-02,2.25315503e-02,1.63200755e-02
,8.81835499e-03,-1.57252269e-04,-1.12642700e-02,-2.59595388e-02
,-4.67981955e-02,-7.74107763e-02,-1.21643596e-01,-1.81307874e-01
,-2.52576538e-01,-3.22879206e-01,-3.73772745e-01,-3.91465798e-01
,-3.76561050e-01,-3.42019870e-01,-3.02069383e-01,-2.64398626e-01
,-2.30318415e-01,-1.98420338e-01,-1.67233727e-01,-1.36001898e-01
,-1.04504473e-01,-7.27195965e-02,-4.06369863e-02,-8.19891633e-03
,2.47031209e-02,5.82240649e-02,9.25719310e-02,1.28020041e-01
,1.64902210e-01,2.03485136e-01,2.43715395e-01,2.84791162e-01
,3.24721623e-01,3.60208832e-01,3.88110259e-01,4.21279722e-01
,5.58098553e-01,9.41647664e-01]

v1000_data = [-0.00763034,-0.02484061,-0.03931492,-0.05105996,-0.05989695,-0.06592018
,-0.06956632,-0.07106633,-0.07042595,-0.06827141,-0.06492207,-0.06061382
,-0.05562568,-0.05026221,-0.04470118,-0.03909732,-0.03358169,-0.02823384
,-0.02312743,-0.01832622,-0.01382396,-0.00963424,-0.00580889,-0.00231498
,0.00086412,0.00372173,0.00624146,0.00847508,0.01043369,0.01209654
,0.01349821,0.01466445,0.01560091,0.01629804,0.01680099,0.01712233
,0.01725662,0.01722775,0.01705918,0.01676152,0.01633383,0.01580889
,0.01519963,0.0145131,0.01376685,0.01297915,0.01216275,0.01133004
,0.01049782,0.00967829,0.00888665,0.00813685,0.00743712,0.00679753
,0.006241,0.00576524,0.00537699,0.00509013,0.00491311,0.00483956
,0.00487168,0.00502757,0.00529133,0.00565881,0.00613283,0.00671262
,0.00738055,0.00812958,0.00896121,0.00985656,0.0108036,0.01179359
,0.01281596,0.01385462,0.01489829,0.01593314,0.01694635,0.0179269
,0.01886126,0.01973014,0.02052891,0.02124616,0.02185746,0.02235473
,0.02273129,0.02297058,0.02303774,0.02293978,0.02266174,0.0221645
,0.02143556,0.02047164,0.01925129,0.017711,0.0158762,0.01372976
,0.01122284,0.00834374,0.00511108,0.0015202]

u5000_data = [6.78056579e-04,1.61361522e-02,3.57086766e-02,5.24624881e-02
,6.26704655e-02,6.53523537e-02,6.11772875e-02,5.22676115e-02
,4.09899942e-02,2.88497272e-02,1.64144955e-02,3.73179485e-03
,-9.31104635e-03,-2.27661340e-02,-3.64387391e-02,-4.96870920e-02
,-6.13695921e-02,-7.10593421e-02,-9.64385008e-02,-2.06221383e-01
,-3.84231375e-01,-4.63105930e-01,-4.25661112e-01,-3.84871730e-01
,-3.53286496e-01,-3.21331190e-01,-2.88945320e-01,-2.56600327e-01
,-2.24297194e-01,-1.92007839e-01,-1.59713877e-01,-1.27384465e-01
,-9.49724437e-02,-6.24138312e-02,-2.96269006e-02,3.48727146e-03
,3.70462361e-02,7.11862230e-02,1.06062610e-01,1.41853618e-01
,1.78754106e-01,2.16982958e-01,2.56785275e-01,2.98423865e-01
,3.42158664e-01,3.88538585e-01,4.38570898e-01,4.85326063e-01
,5.01812121e-01,9.40115248e-01]

v5000_data = [-0.00985601,-0.05564746,-0.09184562,-0.11505212,-0.12462848,-0.12268747
,-0.11303019,-0.09995582,-0.08640934,-0.07409364,-0.06365826,-0.05506171
,-0.04796777,-0.04202775,-0.03685394,-0.0322285,-0.02795846,-0.02395054
,-0.02014475,-0.01650696,-0.01303036,-0.00970187,-0.00652957,-0.00351063
,-0.00065064,0.0020455,,0.0045804,,0.00694327,0.00914347,0.01117401
,0.0130413,,0.01474751,0.01629393,0.017692,,0.0189385,,0.02004985
,0.02102839,0.02188547,0.02263094,0.02327221,0.02382413,0.0242925
,0.02469261,0.02503299,0.02532486,0.02557857,0.02580224,0.02600525
,0.02619357,0.02637331,0.0265481,,0.02672012,0.0268898,,0.0270555
,0.02721436,0.02736115,0.02749016,0.02759407,0.02766447,0.0276945
,0.02767328,0.02759622,0.02745381,0.02724216,0.02695688,0.02659405
,0.026156,,0.02563868,0.02504926,0.02438833,0.02366183,0.02287522
,0.02203266,0.02114218,0.02020657,0.0192333,,0.0182257,,0.01718812
,0.01612423,0.01503596,0.01392676,0.01279758,0.01165132,0.01048988
,0.00931631,0.0081349,,0.00695149,0.00577422,0.00461491,0.00348767
,0.00241113,0.00140866,0.00050269,-0.00027106,-0.00088919,-0.00130959
,-0.00149918,-0.00141464,-0.00099889,-0.00020819]


u10000_data = [-0.00132847,0.03899016,0.14491953,0.20726525,0.2209083,,0.19402691
,0.15516088,0.11450795,0.07698253,0.04488274,0.01880418,-0.00241541
,-0.02351244,-0.04717463,-0.07265904,-0.09936685,-0.12901964,-0.16458183
,-0.20434939,-0.23381916,-0.27323377,-0.44435674,-0.40726062,-0.36840886
,-0.3460362,-0.31302194,-0.27688273,-0.24301726,-0.21081398,-0.17928218
,-0.14814897,-0.11738357,-0.08699132,-0.05694362,-0.02716358,0.00246003
,0.0320543,,0.06175164,0.09168922,0.12201334,0.15289066,0.18452348
,0.21717308,0.25123058,0.28740475,0.32768888,0.37255522,0.40358739
,0.41255062,0.94679674]

v10000_data = [-2.78418219e-02,-2.16344795e-01,-2.81041169e-01,-2.79384031e-01
,-2.51138908e-01,-2.17544561e-01,-1.93350885e-01,-1.82818627e-01
,-1.80208456e-01,-1.79245846e-01,-1.77360583e-01,-1.75086723e-01
,-1.74498300e-01,-1.75843670e-01,-1.75828786e-01,-1.71877942e-01
,-1.63596637e-01,-1.51556440e-01,-1.37552398e-01,-1.23323181e-01
,-1.09615542e-01,-9.65530983e-02,-8.41034506e-02,-7.22268018e-02
,-6.08883592e-02,-5.00468883e-02,-3.96476534e-02,-2.96209739e-02
,-1.98966544e-02,-1.04107762e-02,-1.11279380e-03,8.03188976e-03
,1.70438236e-02,2.59376519e-02,3.47258645e-02,4.34230406e-02
,5.20446977e-02,6.06027875e-02,6.91004377e-02,7.75307349e-02
,8.58778312e-02,9.41219392e-02,1.02244822e-01,1.10234256e-01
,1.18086489e-01,1.25810241e-01,1.33427421e-01,1.40974474e-01
,1.48503092e-01,1.56077784e-01,1.63769124e-01,1.71638562e-01
,1.79713936e-01,1.87958194e-01,1.96224772e-01,2.04200233e-01
,2.11334210e-01,2.16783454e-01,2.19479216e-01,2.18338001e-01
,2.12661627e-01,2.02475514e-01,1.88510258e-01,1.71818166e-01
,1.53380972e-01,1.33894949e-01,1.13877354e-01,9.38288313e-02
,7.43483820e-02,5.61557199e-02,3.99506867e-02,2.62398342e-02
,1.51810142e-02,6.58493456e-03,1.27228400e-05,-5.14545834e-03
,-9.32524648e-03,-1.23463994e-02,-1.38711597e-02,-1.41743526e-02
,-1.40588687e-02,-1.41986038e-02,-1.47767761e-02,-1.56228373e-02
,-1.65090854e-02,-1.73365442e-02,-1.81983250e-02,-1.93807496e-02
,-2.13342802e-02,-2.45917969e-02,-2.96604780e-02,-3.68927657e-02
,-4.63916819e-02,-5.79393386e-02,-7.08297060e-02,-8.35472924e-02
,-9.36601934e-02,-9.71447398e-02,-8.02799568e-02,-1.13834566e-02]

Velocity,data,for,K=1.5,Re,=,15000

u15000_data = 
[-7.32834134e-04,1.29263557e-02,1.55672198e-01,2.79192464e-01
,2.88649566e-01,2.49876451e-01,2.05866910e-01,1.55550713e-01
,1.01826476e-01,4.57409010e-02,-1.18716087e-02,-7.05745827e-02
,-1.29475807e-01,-1.84913445e-01,-2.26927879e-01,-2.25302537e-01
,-2.15889779e-01,-1.77127620e-01,-1.51976246e-01,-2.66315489e-01
,-4.57674306e-01,-3.74449194e-01,-3.24067369e-01,-2.92220537e-01
,-2.68421251e-01,-2.47137530e-01,-2.25081416e-01,-2.01150030e-01
,-1.75205945e-01,-1.48058266e-01,-1.20030194e-01,-9.16331868e-02
,-6.34286996e-02,-3.57575009e-02,-8.69941918e-03,1.78840390e-02
,4.42041442e-02,7.04549882e-02,9.68325338e-02,1.23574852e-01
,1.50967721e-01,1.79337758e-01,2.09057474e-01,2.40564256e-01
,2.74325722e-01,3.10652715e-01,3.49287671e-01,3.88889204e-01
,4.25179161e-01,9.52188315e-01]

v15000_data = 
[-1.88995407e-02,-1.56163529e-01,-1.87041563e-01,-1.88349394e-01
,-1.84740861e-01,-1.78309825e-01,-1.70408036e-01,-1.67974329e-01
,-1.71534369e-01,-1.76269947e-01,-1.78442423e-01,-1.72705569e-01
,-1.57237302e-01,-1.32856504e-01,-1.02939157e-01,-7.98138815e-02
,-7.62459332e-02,-7.40961907e-02,-6.27502124e-02,-4.94035681e-02
,-3.67159776e-02,-2.50799247e-02,-1.45392383e-02,-5.01336533e-03
,3.69732709e-03,1.17919550e-02,1.94316396e-02,2.66939338e-02
,3.35758382e-02,3.99994434e-02,4.58291412e-02,5.08990755e-02
,5.50275762e-02,5.80800026e-02,5.99800582e-02,6.07963213e-02
,6.07145633e-02,6.00525429e-02,5.91843624e-02,5.84812566e-02
,5.82498329e-02,5.87026477e-02,5.99449013e-02,6.19955291e-02
,6.47783787e-02,6.81552229e-02,7.19036935e-02,7.57422639e-02
,7.93365263e-02,8.23367116e-02,8.44357481e-02,8.54187442e-02
,8.51922733e-02,8.37936548e-02,8.13427539e-02,7.80287474e-02
,7.40417667e-02,6.95783087e-02,6.48033407e-02,5.98615963e-02
,5.48689947e-02,4.99161386e-02,4.50675794e-02,4.03628588e-02
,3.58166272e-02,3.14246130e-02,2.71654436e-02,2.30132482e-02
,1.89422409e-02,1.49403415e-02,1.10142980e-02,7.19711754e-03
,3.54851399e-03,1.54047494e-04,-2.87912805e-03,-5.43403996e-03
,-7.38592381e-03,-8.62911979e-03,-9.06451590e-03,-8.64055622e-03
,-7.32662606e-03,-5.14807482e-03,-2.16737211e-03,1.49871370e-03
,5.68605401e-03,1.01839686e-02,1.47406187e-02,1.90801724e-02
,2.29412727e-02,2.61173334e-02,2.85371943e-02,3.02445053e-02
,3.13137730e-02,3.15923638e-02,3.04882585e-02,2.70777917e-02
,2.07689027e-02,1.23422114e-02,5.55948375e-03,9.52792998e-04]
