import numpy as np
import matplotlib.pyplot as plt
from time import time


y_array = [3.90625000e-03,8.53794643e-02,1.66852679e-01,2.48325893e-01
,3.29799107e-01,4.11272321e-01,4.92745536e-01,5.74218750e-01
,6.55691964e-01,7.37165179e-01,8.18638393e-01,9.00111607e-01
,9.81584821e-01,1.06305804e+00,1.14453125e+00,1.22600446e+00
,1.30747768e+00,1.38895089e+00,1.47042411e+00,1.55189732e+00
,1.63337054e+00,1.71484375e+00,1.79631696e+00,1.87779018e+00
,1.95926339e+00,2.04073661e+00,2.12220982e+00,2.20368304e+00
,2.28515625e+00,2.36662946e+00,2.44810268e+00,2.52957589e+00
,2.61104911e+00,2.69252232e+00,2.77399554e+00,2.85546875e+00
,2.93694196e+00,3.01841518e+00,3.09988839e+00,3.18136161e+00
,3.26283482e+00,3.34430804e+00,3.42578125e+00,3.50725446e+00
,3.58872768e+00,3.67020089e+00,3.75167411e+00,3.83314732e+00
,3.91462054e+00,3.99609375e+00]
u400_data=[1.30599077e-08,9.99594467e-08,-3.00467567e-08,-3.65187201e-07
,-9.64701915e-07,-1.91984226e-06,-3.35735463e-06,-5.43588988e-06
,-8.34664805e-06,-1.22852430e-05,-1.74301071e-05,-2.38697370e-05
,-3.15041660e-05,-3.98776556e-05,-4.79248473e-05,-5.35894079e-05
,-5.33255411e-05,-4.13190431e-05,-8.59460305e-06,5.82375411e-05
,1.78540730e-04,3.78944231e-04,6.95934983e-04,1.17562354e-03
,1.87593374e-03,2.86287959e-03,4.20492235e-03,5.95836645e-03
,8.13591901e-03,1.06600881e-02,1.32817076e-02,1.54885059e-02
,1.64218939e-02,1.48459812e-02,9.12353464e-03,-3.05879028e-03
,-2.60758885e-02,-6.88286474e-02,-1.44109321e-01,-2.47642491e-01
,-3.22362106e-01,-3.01895704e-01,-2.11628909e-01,-1.11289689e-01
,-1.57490338e-02,8.13872192e-02,1.80177464e-01,2.70041573e-01
,3.83196244e-01,9.60129994e-01]

x_array = [0.00390625,0.01392835,0.02395044,0.03397254,0.04399463,0.05401673
,0.06403883,0.07406092,0.08408302,0.09410511,0.10412721,0.11414931
,0.1241714,0.1341935,0.14421559,0.15423769,0.16425979,0.17428188
,0.18430398,0.19432607,0.20434817,0.21437027,0.22439236,0.23441446
,0.24443655,0.25445865,0.26448074,0.27450284,0.28452494,0.29454703
,0.30456913,0.31459122,0.32461332,0.33463542,0.34465751,0.35467961
,0.3647017,0.3747238,0.3847459,0.39476799,0.40479009,0.41481218
,0.42483428,0.43485638,0.44487847,0.45490057,0.46492266,0.47494476
,0.48496686,0.49498895,0.50501105,0.51503314,0.52505524,0.53507734
,0.54509943,0.55512153,0.56514362,0.57516572,0.58518782,0.59520991
,0.60523201,0.6152541,0.6252762,0.6352983,0.64532039,0.65534249
,0.66536458,0.67538668,0.68540878,0.69543087,0.70545297,0.71547506
,0.72549716,0.73551926,0.74554135,0.75556345,0.76558554,0.77560764
,0.78562973,0.79565183,0.80567393,0.81569602,0.82571812,0.83574021
,0.84576231,0.85578441,0.8658065,0.8758286,0.88585069,0.89587279
,0.90589489,0.91591698,0.92593908,0.93596117,0.94598327,0.95600537
,0.96602746,0.97604956,0.98607165,0.99609375]
v400_data = [1.36039002e-08,5.52079434e-08,1.03770037e-07,1.58473006e-07
,2.18926804e-07,2.84248784e-07,3.53163216e-07,4.24902592e-07
,4.98938995e-07,5.74128953e-07,6.49756181e-07,7.25094197e-07
,7.99348902e-07,8.71974571e-07,9.42415015e-07,1.00964914e-06
,1.07347018e-06,1.13350592e-06,1.18907795e-06,1.23944357e-06
,1.28480093e-06,1.32485557e-06,1.35852452e-06,1.38612765e-06
,1.40770315e-06,1.42282098e-06,1.43078494e-06,1.43236881e-06
,1.42753677e-06,1.41545896e-06,1.39667053e-06,1.37156916e-06
,1.34005331e-06,1.30156604e-06,1.25718419e-06,1.20709105e-06
,1.15088271e-06,1.08912391e-06,1.02242628e-06,9.50985324e-07
,8.74539039e-07,7.94146848e-07,7.10145260e-07,6.22588253e-07
,5.32003060e-07,4.39014088e-07,3.43998452e-07,2.47152490e-07
,1.49210121e-07,5.05785205e-08,-4.83177935e-08,-1.46973632e-07
,-2.44962289e-07,-3.41876260e-07,-4.36984745e-07,-5.30087102e-07
,-6.20805266e-07,-7.08515237e-07,-7.92688895e-07,-8.73269120e-07
,-9.49918045e-07,-1.02157666e-06,-1.08850329e-06,-1.15050051e-06
,-1.20695531e-06,-1.25730106e-06,-1.30193897e-06,-1.34068383e-06
,-1.37245655e-06,-1.39781185e-06,-1.41684939e-06,-1.42916914e-06
,-1.43423306e-06,-1.43287017e-06,-1.42511458e-06,-1.41018873e-06
,-1.38878835e-06,-1.36134276e-06,-1.32781176e-06,-1.28787216e-06
,-1.24260875e-06,-1.19231529e-06,-1.13679038e-06,-1.07677784e-06
,-1.01295735e-06,-9.45700800e-07,-8.75212574e-07,-8.02517794e-07
,-7.28173287e-07,-6.52723442e-07,-5.76964561e-07,-5.01626946e-07
,-4.27431481e-07,-3.55531260e-07,-2.86468081e-07,-2.21019259e-07
,-1.60451755e-07,-1.05576065e-07,-5.66283339e-08,-1.41799439e-08]

u1000_data = [9.20839618e-08,8.92761747e-07,1.29578590e-06,1.37790173e-06
,1.10217695e-06,3.38094690e-07,-1.15200819e-06,-3.72945893e-06
,-7.91839224e-06,-1.44110589e-05,-2.41139552e-05,-3.81226737e-05
,-5.76928781e-05,-8.41312733e-05,-1.18516906e-04,-1.61352440e-04
,-2.11729345e-04,-2.66308896e-04,-3.17545466e-04,-3.51260267e-04
,-3.43093128e-04,-2.54179561e-04,-2.40255047e-05,4.35433526e-04
,1.25166593e-03,2.59821106e-03,4.69759347e-03,7.79448105e-03
,1.20419786e-02,1.72513245e-02,2.24626422e-02,2.56851509e-02
,2.44609155e-02,1.74392078e-02,5.51489843e-03,-9.36610569e-03
,-2.96946505e-02,-8.11431304e-02,-2.25033470e-01,-3.82624113e-01
,-3.43464285e-01,-2.42289681e-01,-1.57567130e-01,-7.33926685e-02
,1.29991960e-02,1.03536155e-01,2.02697016e-01,3.10934417e-01
,3.95784040e-01,9.41552705e-01]

v1000_data = [-8.10962749e-08,-2.72552627e-07,-4.44927444e-07,-5.98762684e-07
,-7.33386132e-07,-8.49582778e-07,-9.49887730e-07,-1.03513371e-06
,-1.10391269e-06,-1.15938109e-06,-1.20255726e-06,-1.23352357e-06
,-1.25286825e-06,-1.26263387e-06,-1.26361391e-06,-1.25546465e-06
,-1.24008611e-06,-1.21840841e-06,-1.19085286e-06,-1.15791466e-06
,-1.12089648e-06,-1.08040765e-06,-1.03669683e-06,-9.90692250e-07
,-9.43003910e-07,-8.94067811e-07,-8.44329416e-07,-7.94324475e-07
,-7.44406530e-07,-6.94985789e-07,-6.46358792e-07,-5.98739817e-07
,-5.52379602e-07,-5.07639311e-07,-4.64459782e-07,-4.22939455e-07
,-3.83352988e-07,-3.45652754e-07,-3.09729686e-07,-2.75594776e-07
,-2.43431963e-07,-2.12883259e-07,-1.83852366e-07,-1.56355118e-07
,-1.30192524e-07,-1.05106898e-07,-8.09397063e-08,-5.76085697e-08
,-3.47788718e-08,-1.22610245e-08,1.01461379e-08,3.26815120e-08
,5.55447200e-08,7.89251843e-08,1.03159938e-07,1.28328369e-07
,1.54588491e-07,1.82198553e-07,2.11357191e-07,2.42046450e-07
,2.74361895e-07,3.08662386e-07,3.44761372e-07,3.82646686e-07
,4.22426822e-07,4.64148452e-07,5.07534848e-07,5.52486364e-07
,5.99061168e-07,6.46896225e-07,6.95739356e-07,7.45374753e-07
,7.95503969e-07,8.45715588e-07,8.95654629e-07,9.44782687e-07
,9.92653295e-07,1.03882939e-06,1.08269905e-06,1.12333107e-06
,1.16047723e-06,1.19352703e-06,1.22117432e-06,1.24292380e-06
,1.25835423e-06,1.26653411e-06,1.26555983e-06,1.25577781e-06
,1.23639420e-06,1.20536363e-06,1.16209855e-06,1.10651825e-06
,1.03760461e-06,9.52201052e-07,8.51725167e-07,7.35347361e-07
,6.00499889e-07,4.46274274e-07,2.73205657e-07,8.09855862e-08]

u5000_data = [6.13375497e-08,5.95404004e-06,1.08751069e-05,1.57363947e-05
,2.11167619e-05,2.72813011e-05,3.41072647e-05,4.08859575e-05
,4.59876967e-05,4.63696676e-05,3.69062553e-05,9.49980440e-06
,-4.80567988e-05,-1.53367777e-04,-3.30826826e-04,-6.12522579e-04
,-1.03693361e-03,-1.64018592e-03,-2.43198289e-03,-3.34587453e-03
,-4.17354226e-03,-4.54762686e-03,-4.07343868e-03,-2.58734478e-03
,-2.68190268e-04,2.76524353e-03,8.13671968e-03,2.34799192e-02
,5.56043627e-02,7.28076944e-02,5.63807779e-02,3.71109230e-02
,1.95982433e-02,1.50881088e-03,-1.77289680e-02,-3.93106836e-02
,-6.34238690e-02,-8.48176965e-02,-3.34048186e-01,-4.05300064e-01
,-3.17183673e-01,-2.31570072e-01,-1.46256714e-01,-6.05766153e-02
,2.67341942e-02,1.17773504e-01,2.15592168e-01,3.24334471e-01
,4.50569330e-01,9.29834983e-01]

v5000_data = [-4.88608197e-07,-2.64480747e-06,-4.72805285e-06,-6.73264218e-06
,-8.65358982e-06,-1.04823076e-05,-1.22191020e-05,-1.38606915e-05
,-1.54038534e-05,-1.68418639e-05,-1.81773919e-05,-1.94089479e-05
,-2.05347875e-05,-2.15500981e-05,-2.24591982e-05,-2.32620647e-05
,-2.39581321e-05,-2.45444071e-05,-2.50262514e-05,-2.54047940e-05
,-2.56803880e-05,-2.58516812e-05,-2.59245894e-05,-2.59011117e-05
,-2.57823098e-05,-2.55682506e-05,-2.52650318e-05,-2.48752865e-05
,-2.44006306e-05,-2.38423162e-05,-2.32063596e-05,-2.24958430e-05
,-2.17128369e-05,-2.08595549e-05,-1.99417622e-05,-1.89628550e-05
,-1.79253087e-05,-1.68320951e-05,-1.56886336e-05,-1.44985427e-05
,-1.32646941e-05,-1.19906355e-05,-1.06814015e-05,-9.34077352e-06
,-7.97204014e-06,-6.57915880e-06,-5.16677537e-06,-3.73879433e-06
,-2.29895840e-06,-8.51473260e-07,5.99389694e-07,2.04963707e-06
,3.49503318e-06,4.93129223e-06,6.35450079e-06,7.76061800e-06
,9.14488954e-06,1.05031353e-05,1.18317936e-05,1.31268365e-05
,1.43829935e-05,1.55964011e-05,1.67638636e-05,1.78814541e-05
,1.89434312e-05,1.99464871e-05,2.08878327e-05,2.17637651e-05
,2.25681727e-05,2.32985673e-05,2.39526384e-05,2.45270670e-05
,2.50155400e-05,2.54166666e-05,2.57287198e-05,2.59489610e-05
,2.60711206e-05,2.60951797e-05,2.60201331e-05,2.58440498e-05
,2.55610315e-05,2.51726788e-05,2.46788756e-05,2.40787489e-05
,2.33671836e-05,2.25475905e-05,2.16209344e-05,2.05876612e-05
,1.94439310e-05,1.81950653e-05,1.68433192e-05,1.53907120e-05
,1.38352423e-05,1.21841174e-05,1.04411001e-05,8.61001345e-06
,6.69131076e-06,4.69388782e-06,2.62352311e-06,4.85724932e-07]

u10000_data = [-3.75112521e-06,-1.69291295e-04,-2.16986872e-04,-2.53102879e-04
,-2.79105435e-04,-2.70064859e-04,-1.54805681e-04,2.28427418e-04
,1.16658484e-03,2.98761693e-03,5.67146814e-03,7.89302815e-03
,7.30564822e-03,3.45640032e-03,-2.11402190e-03,-7.63439486e-03
,-1.29290062e-02,-3.18953528e-02,-7.13400543e-02,-7.74601655e-02
,-6.25701429e-02,-4.09841467e-02,-1.85749447e-02,4.01655172e-03
,2.28864056e-02,6.13253243e-02,9.68767354e-02,9.28128289e-02
,2.46449408e-01,2.32157568e-01,1.77865021e-01,1.21948422e-01
,6.61227904e-02,1.42347482e-03,-7.09781093e-02,-1.35619985e-01
,-2.10777286e-01,-2.45908178e-01,-4.71696106e-01,-3.68242334e-01
,-2.75381283e-01,-1.90812620e-01,-1.13246197e-01,-3.93435881e-02
,3.38882672e-02,1.09264740e-01,1.89858726e-01,2.79802618e-01
,3.83725795e-01,9.45292338e-01]

v10000_data = [1.30782503e-05,1.19514046e-04,2.06292551e-04,2.78763931e-04
,3.37692285e-04,3.84514121e-04,4.20882218e-04,4.48296182e-04
,4.68151638e-04,4.81607212e-04,4.89639806e-04,4.93079256e-04
,4.92621319e-04,4.88825617e-04,4.82162923e-04,4.73009439e-04
,4.61661072e-04,4.48361521e-04,4.33319122e-04,4.16715886e-04
,3.98725760e-04,3.79521400e-04,3.59265961e-04,3.38120366e-04
,3.16243209e-04,2.93789166e-04,2.70909075e-04,2.47751076e-04
,2.24453360e-04,2.01146145e-04,1.77950880e-04,1.54979808e-04
,1.32338007e-04,1.10116306e-04,8.83970448e-05,6.72527251e-05
,4.67462142e-05,2.69310248e-05,7.85634349e-06,-1.04455637e-05
,-2.79477396e-05,-4.46302317e-05,-6.04802099e-05,-7.54914248e-05
,-8.96596899e-05,-1.02992531e-04,-1.15501997e-04,-1.27202649e-04
,-1.38112837e-04,-1.48254176e-04,-1.57648570e-04,-1.66323020e-04
,-1.74308700e-04,-1.81635682e-04,-1.88335160e-04,-1.94439129e-04
,-1.99978970e-04,-2.04986435e-04,-2.09497091e-04,-2.13543729e-04
,-2.17158882e-04,-2.20374692e-04,-2.23222498e-04,-2.25731807e-04
,-2.27935099e-04,-2.29861788e-04,-2.31540337e-04,-2.32998167e-04
,-2.34261571e-04,-2.35354722e-04,-2.36302718e-04,-2.37128384e-04
,-2.37853480e-04,-2.38499036e-04,-2.39085715e-04,-2.39634193e-04
,-2.40166150e-04,-2.40704013e-04,-2.41271251e-04,-2.41891970e-04
,-2.42589490e-04,-2.43383941e-04,-2.44286550e-04,-2.45292499e-04
,-2.46371954e-04,-2.47457636e-04,-2.48430780e-04,-2.49104756e-04
,-2.49209010e-04,-2.48382760e-04,-2.46158025e-04,-2.41945714e-04
,-2.35008118e-04,-2.24402970e-04,-2.08898955e-04,-1.87046398e-04
,-1.57291177e-04,-1.18118606e-04,-6.74300222e-05,-6.27650766e-06]

y2_array = [7.81250000e-04,4.11695076e-02,8.15577652e-02,1.21946023e-01
,1.62334280e-01,2.02722538e-01,2.43110795e-01,2.83499053e-01
,3.23887311e-01,3.64275568e-01,4.04663826e-01,4.45052083e-01
,4.85440341e-01,5.25828598e-01,5.66216856e-01,6.06605114e-01
,6.46993371e-01,6.87381629e-01,7.27769886e-01,7.68158144e-01
,8.08546402e-01,8.48934659e-01,8.89322917e-01,9.29711174e-01
,9.70099432e-01,1.01048769e+00,1.05087595e+00,1.09126420e+00
,1.13165246e+00,1.17204072e+00,1.21242898e+00,1.25281723e+00
,1.29320549e+00,1.33359375e+00,1.37398201e+00,1.41437027e+00
,1.45475852e+00,1.49514678e+00,1.53553504e+00,1.57592330e+00
,1.61631155e+00,1.65669981e+00,1.69708807e+00,1.73747633e+00
,1.77786458e+00,1.81825284e+00,1.85864110e+00,1.89902936e+00
,1.93941761e+00,1.97980587e+00,2.02019413e+00,2.06058239e+00
,2.10097064e+00,2.14135890e+00,2.18174716e+00,2.22213542e+00
,2.26252367e+00,2.30291193e+00,2.34330019e+00,2.38368845e+00
,2.42407670e+00,2.46446496e+00,2.50485322e+00,2.54524148e+00
,2.58562973e+00,2.62601799e+00,2.66640625e+00,2.70679451e+00
,2.74718277e+00,2.78757102e+00,2.82795928e+00,2.86834754e+00
,2.90873580e+00,2.94912405e+00,2.98951231e+00,3.02990057e+00
,3.07028883e+00,3.11067708e+00,3.15106534e+00,3.19145360e+00
,3.23184186e+00,3.27223011e+00,3.31261837e+00,3.35300663e+00
,3.39339489e+00,3.43378314e+00,3.47417140e+00,3.51455966e+00
,3.55494792e+00,3.59533617e+00,3.63572443e+00,3.67611269e+00
,3.71650095e+00,3.75688920e+00,3.79727746e+00,3.83766572e+00
,3.87805398e+00,3.91844223e+00,3.95883049e+00,3.99921875e+00]

u15000_data = [-2.70445668e-05,-1.35138303e-03,-2.66538513e-03,-3.75426204e-03
,-4.22971082e-03,-3.97961583e-03,-3.08598953e-03,-1.71850852e-03
,-6.52054749e-05,1.75473729e-03,3.85843834e-03,7.17748164e-03
,1.43438245e-02,2.73287058e-02,4.33382134e-02,4.84045749e-02
,4.41698879e-02,3.68822077e-02,2.82558291e-02,2.02927537e-02
,1.45136920e-02,1.05617638e-02,7.12597522e-03,3.22560509e-03
,-1.59281592e-03,-7.33219169e-03,-1.36454439e-02,-2.01435848e-02
,-2.67502177e-02,-3.38152610e-02,-4.19031437e-02,-5.12311084e-02
,-6.02141388e-02,-6.52412143e-02,-8.87792980e-02,-1.17424762e-01
,-1.21504621e-01,-1.22918759e-01,-1.08559812e-01,-8.89159748e-02
,-7.38703519e-02,-6.19585401e-02,-4.53306849e-02,-2.06673772e-02
,7.14723659e-03,2.81760552e-02,3.81470787e-02,4.72396184e-02
,6.08855807e-02,7.74325547e-02,9.20557514e-02,1.03152797e-01
,1.17471826e-01,1.34871982e-01,1.32260829e-01,2.12217911e-01
,2.88504304e-01,2.81710044e-01,2.80581482e-01,2.56993923e-01
,2.16466921e-01,1.75084927e-01,1.34961006e-01,9.55967661e-02
,5.69147726e-02,1.91351813e-02,-1.76980263e-02,-5.39993911e-02
,-9.06500122e-02,-1.28594176e-01,-1.68527028e-01,-2.10352258e-01
,-2.52895989e-01,-2.95660329e-01,-3.30009946e-01,-3.45737449e-01
,-3.00104635e-01,-3.93694413e-01,-3.21269403e-01,-2.77693676e-01
,-2.37646681e-01,-1.98532406e-01,-1.61150573e-01,-1.26054724e-01
,-9.37279341e-02,-6.41798891e-02,-3.68886581e-02,-1.11564846e-02
,1.37468379e-02,3.85642126e-02,6.40218322e-02,9.07975252e-02
,1.19502965e-01,1.50725894e-01,1.85225680e-01,2.24098470e-01
,2.68276316e-01,3.17948167e-01,3.76183208e-01,9.48566121e-01]

v15000_data = [7.30013598e-05,8.93586490e-04,1.51987482e-03,2.00590250e-03
,2.38166629e-03,2.66155374e-03,2.85890747e-03,2.98766780e-03
,3.06088786e-03,3.08928790e-03,3.07978961e-03,3.03698959e-03
,2.96283554e-03,2.85888485e-03,2.72571306e-03,2.56439201e-03
,2.37595896e-03,2.16199928e-03,1.92441680e-03,1.66542339e-03
,1.38766614e-03,1.09384429e-03,7.87070135e-04,4.70323201e-04
,1.46833582e-04,-1.80354687e-04,-5.08236654e-04,-8.33988356e-04
,-1.15498545e-03,-1.46880545e-03,-1.77318268e-03,-2.06604760e-03
,-2.34524366e-03,-2.60877743e-03,-2.85417578e-03,-3.07910200e-03
,-3.28049289e-03,-3.45527378e-03,-3.59975652e-03,-3.71019638e-03
,-3.78269893e-03,-3.81339177e-03,-3.79904563e-03,-3.73653753e-03
,-3.62431949e-03,-3.46089187e-03,-3.24701372e-03,-2.98367032e-03
,-2.67381031e-03,-2.32101992e-03,-1.93023264e-03,-1.50720489e-03
,-1.05840128e-03,-5.90969224e-04,-1.12135222e-04,3.70828193e-04
,8.51209186e-04,1.32323884e-03,1.78219640e-03,2.22482882e-03
,2.64890559e-03,3.05319124e-03,3.43687165e-03,3.79910764e-03
,4.13886971e-03,4.45431960e-03,4.74337599e-03,5.00285249e-03
,5.22977436e-03,5.42026982e-03,5.57089597e-03,5.67778678e-03
,5.73740248e-03,5.74615587e-03,5.70030719e-03,5.59633101e-03
,5.42972210e-03,5.19641787e-03,4.89026304e-03,4.50572508e-03
,4.03459910e-03,3.46872840e-03,2.79775310e-03,2.01108956e-03
,1.09780551e-03,4.78881027e-05,-1.14432490e-03,-2.47925052e-03
,-3.94364514e-03,-5.50831556e-03,-7.11521585e-03,-8.67083885e-03
,-1.00388685e-02,-1.10389672e-02,-1.14662406e-02,-1.11224161e-02
,-9.85782815e-03,-7.61459434e-03,-4.41575930e-03,-3.50929504e-04]



for l in range(1):
     plt.rc('font', size=14)

     fig1 = plt.figure(figsize=(15, 15), dpi = 80)


     plt.subplot(1, 2, 1)
     plt.plot(y_array, u400_data, 'r', label = 'Re 400')
     plt.plot(y_array, u1000_data, 'g', label = 'Re 1000')
     plt.plot(y_array, u5000_data, 'm', label = 'Re 5000')
     plt.plot(y_array, u10000_data, 'b', label = 'Re 10000')
     plt.plot(y2_array, u15000_data, 'y', label = 'Re 15000')
     plt.title('u for various Re at K=4')
     plt.legend()

     plt.subplot(1, 2, 2)
     plt.plot(x_array, v400_data, 'r', label = 'Re 400')
     plt.plot(x_array, v1000_data, 'g', label = 'Re 1000')
     plt.plot(x_array, v5000_data, 'm', label = 'Re 5000')
     plt.plot(x_array, v10000_data, 'b', label = 'Re 10000')
     plt.plot(x_array, v15000_data, 'y', label = 'Re 15000')
     plt.title('v for various Re at K=4')
     plt.legend()
##     plt.show()
     plt.savefig('vplt_xplot,All Re K=4', transparent= False)


