import numpy as np
import matplotlib.pyplot as plt
from time import time


y_array = [3.90625000e-03,1.26195791e-01,2.48485332e-01,3.70774872e-01
,4.93064413e-01,6.15353954e-01,7.37643495e-01,8.59933036e-01
,9.82222577e-01,1.10451212e+00,1.22680166e+00,1.34909120e+00
,1.47138074e+00,1.59367028e+00,1.71595982e+00,1.83824936e+00
,1.96053890e+00,2.08282844e+00,2.20511798e+00,2.32740753e+00
,2.44969707e+00,2.57198661e+00,2.69427615e+00,2.81656569e+00
,2.93885523e+00,3.06114477e+00,3.18343431e+00,3.30572385e+00
,3.42801339e+00,3.55030293e+00,3.67259247e+00,3.79488202e+00
,3.91717156e+00,4.03946110e+00,4.16175064e+00,4.28404018e+00
,4.40632972e+00,4.52861926e+00,4.65090880e+00,4.77319834e+00
,4.89548788e+00,5.01777742e+00,5.14006696e+00,5.26235651e+00
,5.38464605e+00,5.50693559e+00,5.62922513e+00,5.75151467e+00
,5.87380421e+00,5.99609375e+00]
u400_data = [-2.59671646e-08,-8.36725694e-08,-8.33336986e-08,-8.29745525e-08
,-8.25614228e-08,-8.19806816e-08,-8.09965969e-08,-7.91803145e-08
,-7.58215833e-08,-6.98309782e-08,-5.96914328e-08,-4.35798299e-08
,-1.98467709e-08,1.16886837e-08,4.69947956e-08,7.25877054e-08
,5.62931319e-08,-6.76202229e-08,-4.21265927e-07,-1.21306813e-06
,-2.77244812e-06,-5.57966979e-06,-1.02523388e-05,-1.74403079e-05
,-2.75117718e-05,-3.98127927e-05,-5.12329425e-05,-5.35483950e-05
,-2.90439226e-05,5.63526699e-05,2.62948638e-04,6.88932183e-04
,1.48246448e-03,2.84481428e-03,5.00211181e-03,8.10349828e-03
,1.19495293e-02,1.54681906e-02,1.60556595e-02,9.20584611e-03
,-1.25960616e-02,-6.83909473e-02,-1.93741873e-01,-3.22194591e-01
,-2.61442036e-01,-1.11670029e-01,3.20580215e-02,1.79987740e-01
,3.12098780e-01,9.60129962e-01]

x_array = [0.00390625,0.01392835,0.02395044,0.03397254,0.04399463,0.05401673
,0.06403883,0.07406092,0.08408302,0.09410511,0.10412721,0.11414931
,0.1241714,0.1341935,0.14421559,0.15423769,0.16425979,0.17428188
,0.18430398,0.19432607,0.20434817,0.21437027,0.22439236,0.23441446
,0.24443655,0.25445865,0.26448074,0.27450284,0.28452494,0.29454703
,0.30456913,0.31459122,0.32461332,0.33463542,0.34465751,0.35467961
,0.3647017,0.3747238,0.3847459,0.39476799,0.40479009,0.41481218
,0.42483428,0.43485638,0.44487847,0.45490057,0.46492266,0.47494476
,0.48496686,0.49498895,0.50501105,0.51503314,0.52505524,0.53507734
,0.54509943,0.55512153,0.56514362,0.57516572,0.58518782,0.59520991
,0.60523201,0.6152541,0.6252762,0.6352983,0.64532039,0.65534249
,0.66536458,0.67538668,0.68540878,0.69543087,0.70545297,0.71547506
,0.72549716,0.73551926,0.74554135,0.75556345,0.76558554,0.77560764
,0.78562973,0.79565183,0.80567393,0.81569602,0.82571812,0.83574021
,0.84576231,0.85578441,0.8658065,0.8758286,0.88585069,0.89587279
,0.90589489,0.91591698,0.92593908,0.93596117,0.94598327,0.95600537
,0.96602746,0.97604956,0.98607165,0.99609375]
v400_data = [-6.45126595e-10,-1.39346412e-09,-1.51900058e-09,-1.38646684e-09
,-1.20943366e-09,-1.07734110e-09,-9.92968230e-10,-9.40565551e-10
,-9.04753681e-10,-8.72578099e-10,-8.40334879e-10,-8.07334543e-10
,-7.74265509e-10,-7.41906877e-10,-7.10710463e-10,-6.81093482e-10
,-6.52887574e-10,-6.25983014e-10,-6.00353914e-10,-5.75970772e-10
,-5.52616767e-10,-5.30229941e-10,-5.08877091e-10,-4.88405958e-10
,-4.68735321e-10,-4.49853260e-10,-4.31774272e-10,-4.14357870e-10
,-3.97565985e-10,-3.81432908e-10,-3.65871384e-10,-3.50817342e-10
,-3.36251810e-10,-3.22187957e-10,-3.08526005e-10,-2.95236232e-10
,-2.82326462e-10,-2.69746181e-10,-2.57447482e-10,-2.45409740e-10
,-2.33637611e-10,-2.22068277e-10,-2.10680098e-10,-1.99466704e-10
,-1.88400000e-10,-1.77449036e-10,-1.66596059e-10,-1.55833583e-10
,-1.45128446e-10,-1.34463822e-10,-1.23823620e-10,-1.13187484e-10
,-1.02536984e-10,-9.18553276e-11,-8.11139873e-11,-7.03011577e-11
,-5.93990116e-11,-4.83787646e-11,-3.72131495e-11,-2.58931671e-11
,-1.43972696e-11,-2.66703014e-12,9.29676537e-12,2.15154346e-11
,3.40355602e-11,4.69070442e-11,6.01260411e-11,7.37235270e-11
,8.77979480e-11,1.02341032e-10,1.17374817e-10,1.32965316e-10
,1.49201782e-10,1.66053506e-10,1.83559326e-10,2.01856971e-10
,2.20927621e-10,2.40774549e-10,2.61462051e-10,2.83109351e-10
,3.05624209e-10,3.29030097e-10,3.53473337e-10,3.78946529e-10
,4.05456195e-10,4.33087082e-10,4.61950075e-10,4.91606151e-10
,5.21414409e-10,5.50026176e-10,5.76046315e-10,5.99843496e-10
,6.26060646e-10,6.74006983e-10,7.72116962e-10,9.57072684e-10
,1.25792859e-09,1.58670784e-09,1.64744222e-09,8.59264837e-10]


u1000_data = [-7.39408545e-08,-1.16897657e-07,-1.17268139e-07,-1.17716968e-07
,-1.18271985e-07,-1.18883112e-07,-1.19344350e-07,-1.19143587e-07
,-1.17217056e-07,-1.11567140e-07,-9.87326681e-08,-7.31793620e-08
,-2.67201701e-08,5.14727646e-08,1.73290807e-07,3.46849220e-07
,5.64697619e-07,7.80228327e-07,8.63911222e-07,5.29178269e-07
,-7.83505439e-07,-4.07854651e-06,-1.10140034e-05,-2.41231133e-05
,-4.69431361e-05,-8.37089718e-05,-1.38224243e-04,-2.10890177e-04
,-2.92274946e-04,-3.51192159e-04,-3.13680048e-04,-2.99978201e-05
,7.75620580e-04,2.57200281e-03,6.06208329e-03,1.19766486e-02
,1.98894748e-02,2.56699540e-02,2.17477921e-02,5.64817683e-03
,-1.79987693e-02,-8.04819621e-02,-3.18675062e-01,-3.44084974e-01
,-1.99615842e-01,-7.37262454e-02,5.72633186e-02,2.02491558e-01
,3.59397146e-01,9.41552594e-01]

v1000_data = [-6.28438737e-10,-6.64597666e-10,-2.99700088e-10,-5.18199852e-11
,6.17307052e-11,1.29795716e-10,1.94185011e-10,2.60143928e-10
,3.24794532e-10,3.86083296e-10,4.43454407e-10,4.96537558e-10
,5.45169337e-10,5.89745187e-10,6.30204741e-10,6.65836186e-10
,6.97127234e-10,7.24156012e-10,7.46656007e-10,7.64346312e-10
,7.77762316e-10,7.86925463e-10,7.91275036e-10,7.91298887e-10
,7.87215994e-10,7.78912492e-10,7.66120179e-10,7.49469206e-10
,7.29052272e-10,7.04510755e-10,6.76256582e-10,6.44593899e-10
,6.09543349e-10,5.70891819e-10,5.29256969e-10,4.84778809e-10
,4.37306763e-10,3.87159325e-10,3.34662934e-10,2.79936542e-10
,2.22884063e-10,1.64016606e-10,1.03501884e-10,4.13763699e-11
,-2.21126167e-11,-8.66790636e-11,-1.52151486e-10,-2.18441529e-10
,-2.85222916e-10,-3.52316530e-10,-4.19537369e-10,-4.86664521e-10
,-5.53510205e-10,-6.19895302e-10,-6.85498889e-10,-7.50227449e-10
,-8.13909295e-10,-8.76260790e-10,-9.37035400e-10,-9.96193473e-10
,-1.05356729e-09,-1.10865068e-09,-1.16153536e-09,-1.21210179e-09
,-1.26002547e-09,-1.30498948e-09,-1.34714083e-09,-1.38633948e-09
,-1.42197229e-09,-1.45424880e-09,-1.48314737e-09,-1.50836543e-09
,-1.52949345e-09,-1.54688614e-09,-1.56045089e-09,-1.56956181e-09
,-1.57448442e-09,-1.57533122e-09,-1.57188432e-09,-1.56365857e-09
,-1.55120946e-09,-1.53451418e-09,-1.51303826e-09,-1.48705780e-09
,-1.45683511e-09,-1.42229120e-09,-1.38294522e-09,-1.33951908e-09
,-1.29209194e-09,-1.24027661e-09,-1.18416271e-09,-1.12402696e-09
,-1.06072344e-09,-9.98992362e-10,-9.46411091e-10,-8.98704663e-10
,-7.78233009e-10,-3.66621917e-10,4.51985033e-10,8.91157800e-10]

u5000_data =[1.07240438e-07,1.76303148e-07,1.74341537e-07,1.71455696e-07
,1.67022125e-07,1.60214347e-07,1.50092777e-07,1.35907505e-07
,1.17838277e-07,9.86455357e-08,8.69739114e-08,1.03541437e-07
,1.91845338e-07,4.35660839e-07,9.84637515e-07,2.08795272e-06
,4.12921376e-06,7.64095592e-06,1.32574147e-05,2.15084236e-05
,3.23095058e-05,4.38879449e-05,5.07889321e-05,4.04631326e-05
,-1.20668211e-05,-1.52076360e-04,-4.55151569e-04,-1.03343048e-03
,-2.00646570e-03,-3.33582870e-03,-4.44044786e-03,-4.08570837e-03
,-1.53953102e-03,2.72918498e-03,1.36381740e-02,5.53232535e-02
,6.67897572e-02,3.72415450e-02,1.07786647e-02,-1.76091044e-02
,-5.11385466e-02,-8.46933377e-02,-4.59967981e-01,-3.17611451e-01
,-1.89292283e-01,-6.08346053e-02,7.15196942e-02,2.15607304e-01
,3.84675707e-01,9.29846349e-01]

v5000_data = [2.21466685e-10,4.05078489e-10,7.16912033e-10,1.06528871e-09
,1.41146354e-09,1.75622998e-09,2.09748738e-09,2.43304210e-09
,2.76078681e-09,3.07825398e-09,3.38399011e-09,3.67629089e-09
,3.95347379e-09,4.21337612e-09,4.45534966e-09,4.67819326e-09
,4.88065656e-09,5.06101012e-09,5.21929218e-09,5.35479829e-09
,5.46670056e-09,5.55378563e-09,5.61665332e-09,5.65506888e-09
,5.66860775e-09,5.65660779e-09,5.62010415e-09,5.55928850e-09
,5.47411424e-09,5.36446359e-09,5.23168590e-09,5.07634418e-09
,4.89874044e-09,4.69925895e-09,4.47945151e-09,4.24018962e-09
,3.98209175e-09,3.70597330e-09,3.41348886e-09,3.10575073e-09
,2.78365940e-09,2.44836865e-09,2.10154927e-09,1.74448419e-09
,1.37831874e-09,1.00443692e-09,6.24452056e-10,2.39746483e-10
,-1.48330512e-10,-5.38282325e-10,-9.28615018e-10,-1.31791810e-09
,-1.70468445e-09,-2.08742656e-09,-2.46482172e-09,-2.83550204e-09
,-3.19785575e-09,-3.55052504e-09,-3.89240224e-09,-4.22223193e-09
,-4.53835984e-09,-4.83967237e-09,-5.12531461e-09,-5.39421229e-09
,-5.64474131e-09,-5.87613567e-09,-6.08782670e-09,-6.27898795e-09
,-6.44810994e-09,-6.59486107e-09,-6.71898948e-09,-6.81998004e-09
,-6.89653445e-09,-6.94882008e-09,-6.97693011e-09,-6.98071929e-09
,-6.95920824e-09,-6.91309956e-09,-6.84285741e-09,-6.74875721e-09
,-6.63025531e-09,-6.48859127e-09,-6.32462277e-09,-6.13908553e-09
,-5.93199337e-09,-5.70508420e-09,-5.45962632e-09,-5.19683998e-09
,-4.91741735e-09,-4.62351077e-09,-4.31680800e-09,-3.99901723e-09
,-3.67161713e-09,-3.33703351e-09,-2.99737202e-09,-2.65505136e-09
,-2.31095419e-09,-1.96038727e-09,-1.80800215e-09,-1.39144457e-09]

u10000_data = [-1.46701026e-06,-1.16985124e-05,-1.17012164e-05,-1.17571135e-05
,-1.18734070e-05,-1.20798734e-05,-1.24225955e-05,-1.29707232e-05
,-1.38284935e-05,-1.51525295e-05,-1.71766023e-05,-2.02469684e-05
,-2.48715745e-05,-3.17879987e-05,-4.20516002e-05,-5.71429210e-05
,-7.90671085e-05,-1.10303292e-04,-1.52880014e-04,-2.02919327e-04
,-2.24378051e-04,-4.83039754e-05,8.42671719e-04,3.23895647e-03
,6.95504632e-03,5.73897834e-03,-2.69334960e-03,-1.37920929e-02
,-9.04205138e-02,-9.23440130e-02,-5.82351726e-02,1.06344378e-02
,2.90871000e-02,6.72098956e-02,9.45013925e-02,2.96325791e-01
,1.64789795e-01,9.42090056e-02,1.46432433e-02,-6.60908468e-02
,-1.58169364e-01,-2.32385828e-01,-4.19660443e-01,-2.77917611e-01
,-1.51693438e-01,-4.11387079e-02,6.65559249e-02,1.83920580e-01
,3.28201847e-01,9.51643086e-01]

x2_array = [9.19117647e-04,2.12897659e-02,4.16604142e-02,6.20310624e-02
,8.24017107e-02,1.02772359e-01,1.23143007e-01,1.43513655e-01
,1.63884304e-01,1.84254952e-01,2.04625600e-01,2.24996248e-01
,2.45366897e-01,2.65737545e-01,2.86108193e-01,3.06478842e-01
,3.26849490e-01,3.47220138e-01,3.67590786e-01,3.87961435e-01
,4.08332083e-01,4.28702731e-01,4.49073379e-01,4.69444028e-01
,4.89814676e-01,5.10185324e-01,5.30555972e-01,5.50926621e-01
,5.71297269e-01,5.91667917e-01,6.12038565e-01,6.32409214e-01
,6.52779862e-01,6.73150510e-01,6.93521158e-01,7.13891807e-01
,7.34262455e-01,7.54633103e-01,7.75003752e-01,7.95374400e-01
,8.15745048e-01,8.36115696e-01,8.56486345e-01,8.76856993e-01
,8.97227641e-01,9.17598289e-01,9.37968938e-01,9.58339586e-01
,9.78710234e-01,9.99080882e-01]

v10000_data = [1.73293379e-08,-1.84234296e-07,2.18526326e-08,1.36076739e-07
,2.06666447e-07,2.26625431e-07,2.20253255e-07,2.06274247e-07
,1.92236896e-07,1.79533144e-07,1.67267742e-07,1.54253367e-07
,1.39702114e-07,1.23279779e-07,1.04958124e-07,8.48599801e-08
,6.31638439e-08,4.00616679e-08,1.57472730e-08,-9.58257138e-09
,-3.57247905e-08,-6.24684765e-08,-8.95958093e-08,-1.16884688e-07
,-1.44112153e-07,-1.71057787e-07,-1.97507276e-07,-2.23256021e-07
,-2.48111915e-07,-2.71898594e-07,-2.94458457e-07,-3.15655140e-07
,-3.35374739e-07,-3.53525010e-07,-3.70032687e-07,-3.84841591e-07
,-3.97919284e-07,-4.09286301e-07,-4.19086025e-07,-4.27699646e-07
,-4.35851163e-07,-4.44540302e-07,-4.54453183e-07,-4.64429443e-07
,-4.68991576e-07,-4.56442145e-07,-4.04522243e-07,-2.71518610e-07
,-1.59157168e-07,6.81332743e-08]



u15000_data = [1.37300835e-05,2.41458739e-05,2.30064721e-05,2.15880529e-05
,1.93185167e-05,1.55368405e-05,9.36481854e-06,-5.81648136e-07
,-1.65213058e-05,-4.20016077e-05,-8.27049291e-05,-1.47807598e-04
,-2.52384762e-04,-4.21873690e-04,-7.00299161e-04,-1.15966820e-03
,-1.85650204e-03,-2.51614871e-03,-2.27454680e-03,-1.03580147e-03
,5.12310707e-03,3.56213218e-02,3.98486548e-02,2.43286717e-02
,3.71584616e-03,-1.52776410e-02,-3.14554310e-02,-4.52741311e-02
,-7.64244656e-02,-9.47431651e-02,-5.01130736e-02,-5.32191650e-03
,3.95566556e-02,8.66296920e-02,1.25802176e-01,3.03208936e-01
,2.25644422e-01,1.18561597e-01,1.10789990e-02,-9.80314546e-02
,-2.19361520e-01,-3.44747232e-01,-3.59433167e-01,-2.18696904e-01
,-1.20226675e-01,-3.48407381e-02,5.09017472e-02,1.55668697e-01
,2.90969220e-01,9.46732362e-01]

v15000_data = [9.84210579e-07,-7.19495186e-07,-1.71350960e-06,-1.14670808e-06
,-6.55439264e-07,-3.15635507e-07,-4.88683210e-08,1.71493422e-07
,3.56613456e-07,5.17351224e-07,6.62297352e-07,7.97080095e-07
,9.24210766e-07,1.04418321e-06,1.15590312e-06,1.25763458e-06
,1.34728263e-06,1.42291545e-06,1.48287291e-06,1.52584817e-06
,1.55106240e-06,1.55793228e-06,1.54649446e-06,1.51670998e-06
,1.46916072e-06,1.40424766e-06,1.32276128e-06,1.22539404e-06
,1.11300019e-06,9.86430296e-07,8.46521458e-07,6.94196404e-07
,5.30237228e-07,3.55585210e-07,1.70954376e-07,-2.27474523e-08
,-2.24819968e-07,-4.34458767e-07,-6.50972121e-07,-8.73647956e-07
,-1.10181682e-06,-1.33484494e-06,-1.57209362e-06,-1.81299135e-06
,-2.05693440e-06,-2.30339605e-06,-2.55181149e-06,-2.80167087e-06
,-3.05245167e-06,-3.30365192e-06,-3.55477075e-06,-3.80531156e-06
,-4.05477456e-06,-4.30266559e-06,-4.54846540e-06,-4.79167976e-06
,-5.03174969e-06,-5.26817046e-06,-5.50035113e-06,-5.72774480e-06
,-5.94973397e-06,-6.16571269e-06,-6.37504116e-06,-6.57703914e-06
,-6.77105288e-06,-6.95631487e-06,-7.13217075e-06,-7.29775581e-06
,-7.45240899e-06,-7.59524069e-06,-7.72552713e-06,-7.84240579e-06
,-7.94510385e-06,-8.03283796e-06,-8.10482446e-06,-8.16044288e-06
,-8.19897955e-06,-8.22010748e-06,-8.22332754e-06,-8.20875289e-06
,-8.17643157e-06,-8.12702316e-06,-8.06139020e-06,-7.98091938e-06
,-7.88735511e-06,-7.78272360e-06,-7.66922445e-06,-7.54874150e-06
,-7.42253443e-06,-7.29031580e-06,-7.14965831e-06,-6.99475125e-06
,-6.81585454e-06,-6.59736134e-06,-6.31750539e-06,-5.96409403e-06
,-5.56963312e-06,-5.00239542e-06,-2.54021520e-06,7.44950175e-07]





for l in range(1):
     plt.rc('font', size=14)

     fig1 = plt.figure(figsize=(15, 15), dpi = 80)


     plt.subplot(1, 2, 1)
     plt.plot(y_array, u400_data, 'r', label = 'Re 400')
     plt.plot(y_array, u1000_data, 'g', label = 'Re 1000')
     plt.plot(y_array, u5000_data, 'm', label = 'Re 5000')
     plt.plot(y_array, u10000_data, 'b', label = 'Re 10000')
     plt.plot(y_array, u15000_data, 'y', label = 'Re 15000')
     plt.title('u for various Re at K=6')
     plt.legend()

     plt.subplot(1, 2, 2)
     plt.plot(x_array, v400_data, 'r', label = 'Re 400')
     plt.plot(x_array, v1000_data, 'g', label = 'Re 1000')
     plt.plot(x_array, v5000_data, 'm', label = 'Re 5000')
     plt.plot(x2_array, v10000_data, 'b', label = 'Re 10000')
     plt.plot(x_array, v15000_data, 'y', label = 'Re 15000')
     plt.title('v for various Re at K=6')
     plt.legend()
##     plt.show()
     plt.savefig('vplt_xplot,All Re K=6', transparent= False)
